0.0954009 4.85253
0.0277899 4.74001
0.0277899 4.74001
0.0277899 4.74001
0.0277899 4.74001
0.0277899 4.74001
0.0277899 4.74001
0 4.75673
0 4.75673
0 4.75673
0 4.75673
0 4.75673
0 4.75673
0 4.75673
0 4.75673
0 4.75673
0 4.75673
0 4.75673
0 4.75673
0 4.75673
0 4.75673
0 4.75673
0 4.75673
0 4.75673
0 4.75673
0 4.75673
0 4.75673
0 4.75673
0 4.75673
0 4.75673
0 4.75673
0 4.75673
0 4.75673
0 4.75673
0 4.75673
0 4.75673
0 4.75673
0 4.75673
0 4.75673
0 4.75673
0 4.75673
0 4.75673
0 4.75673
0 4.75673
0 4.75673
0 4.75673
0 4.75673
0 4.75673
0 4.75673
0 4.75673
0 4.75673
0 4.75673
0 4.75673
0 4.75673
0 4.75673
0 4.75673
0 4.75673
0 4.75673
0 4.75673
0 4.75673
